"Stay Connected", "Sign up for exclusive savings!"